1   0.690094
2   0.349148
3   0.236372
4   0.180072
5   0.152358
6   0.129218
7   0.111530
8   0.099004
9   0.090102
10   0.081994
11   0.075370
12   0.070112
13   0.065846
14   0.061027
15   0.057991
16   0.054648
17   0.054207
18   0.051684
19   0.049282
20   0.047122
21   0.082536
22   0.079001
23   0.075877
24   0.073607
25   0.071063
26   0.067902
27   0.065611
28   0.063969
29   0.062112
30   0.060086
31   0.058160
32   0.057177
33   0.055184
34   0.053895
35   0.053106
36   0.050913
37   0.050102
38   0.049624
39   0.048420
40   0.047462
