1   1.01039322448756874315
2   1.71732163180187950549
3   2.22603803379703830471
4   3.16554936051012657918
5   3.44587196693931452778
6   3.64935515590213770235
7   3.86815849688928480035
8   3.77650747034006945901
9   3.51432367215248217335
10   2.90285686131574851378
11   2.59616770293012945406
12   2.48580101038141251072
13   2.62914725348727300018
14   2.29293882579995772122
15   2.27075928011954794618
16   2.21344051707760646688
17   2.20435824809548792838
18   2.12052261010578580674
19   2.14432471219800694405
20   2.09204974999112299016
