1   .98494983277591973244
2   1.64066852367688022284
3   2.23106060606060606060
4   2.71428571428571428571
5   3.08376963350785340314
6   3.38505747126436781609
7   3.68125000000000000000
8   3.97972972972972972972
9   4.17730496453900709219
10   4.36296296296296296296
11   4.56589147286821705426
12   4.71200000000000000000
13   4.90833333333333333333
14   5.03418803418803418803
15   5.16666666666666666666
16   5.25892857142857142857
17   5.35454545454545454545
18   5.50467289719626168224
19   5.55660377358490566037
20   5.66346153846153846153
