1   1.01101390159539575324
2   1.71911104186900646050
3   2.22834514062188490385
4   3.14276113741088980513
5   3.45087349828494242663
6   3.65179364840182005354
7   3.86519075549460786871
8   3.78791200925541798379
9   3.52394985391044370455
10   2.93168959187976572246
11   2.60223625260100844114
12   2.50064587117389436450
13   2.62255503818893815333
14   2.30174173006645771586
15   2.26027030690306353925
16   2.19262534715601589825
17   2.22607638251003971244
18   2.13402053371529725167
19   2.15675378051767610082
20   2.11118040462618342310
